          16          19          21          24          21
           1
          15          18          19          22          24          25          25
           2
          80          81          83          84          87          89          93
           3
           6           7           8           9          10          13          18
           4
          60          62          61          64          66          67
           5
          76          79          81          84          82          80
           5
          70          73          72          74          74
           5
          67          68          71          74          73          77
           6
          56          57          60          59          61          64          67          74
           6
          37          38          39          40          40          43
           7
          90          92          95          95          96          97          94
           7
          80          83          86          86          86
           7
          44          47          49          49          51          54          58
           7
          69          71          74          74          81
           7
          66          68          72          75          77
           7
          34          35          39          41          38
           7
          58          60          63          67          70          72          72
           7
          43          46          47          51          52          53          56          60
           7
          35          36          37          41          44          50
           7
          63          64          67          69          71          72          78          80
           7
          19          22          23          30          28
           7
          20          21          24          30          30
           7
          75          78          80          83          90          91          95
           7
          16          17          20          22          23          29          31          36
           7
          22          21          24          26          28
           7
          87          84          87          88          86
           7
          48          46          48          51          51
           7
          40          37          40          43          44          48
           7
          77          75          78          79          81          84          86          91
           7
          43          41          40          42          44
           7
          32          30          31          32          35          32          29
           7
          87          84          81          83          83
           7
          43          41          44          47          48          45          49
           7
          49          48          51          53          54          57          54          61
           7
          68          66          69          69          72          75          77
           7
           9           7           8          10          10          12          11
           7
          77          74          77          77          77
           7
           5           2           4           4           8
           7
          34          33          36          36          42
           7
          11           9          13          15          18          21
           7
          22          21          22          23          27          24
           7
          68          67          70          74          77          80          82          82
           7
          87          86          87          91          95
           7
          26          23          27          28          30          35
           7
          23          20          21          28          31
           7
          85          83          89          92          95          96          94
           7
          32          31          38          40          40
           7
          40          38          40          41          43          49          51          55
           7
          22          19          21          23          29          35
           7
          86          86          89          91          94          96          98
           8
          72          72          73          75          77          78          76
           8
          42          42          45          48          49          49
           8
          41          41          43          46          48          49          53
           8
          35          35          37          39          41          43          48
           8
          85          85          86          83          86          87          88          91
           8
          20          20          19          20          21          20
           8
          13          13          14          13          15          18          18
           8
          48          48          50          48          50          54
           8
          26          26          23          25          30
           8
          62          62          64          66          66          67
           8
          31          31          32          34          35          35          38          37
           8
          11          11          14          14          14
           8
           6           6           9          12          12          13          14          18
           8
           5           5           5           7           9          14
           8
          87          87          91          92          95          96          99
           8
          61          61          65          67          64
           8
          77          77          78          82          85          85
           8
          48          48          52          53          57
           8
          69          69          70          74          81
           8
          29          29          30          32          35          37          44          46
           8
          52          52          54          56          57          63          64          62
           8
          42          42          45          47          48          51          57          57
           8
          57          57          60          65          69
           8
          28          28          33          34          36          38          44
           8
          41          45          48          50          52          55          58
           9
          79          83          84          85          86          83
           9
          69          73          74          77          79          81          81
           9
          14          18          21          22          24          28
           9
          26          30          33          36          43
           9
           8          12          13          12          14          16          17
           9
          84          88          91          92          89          92          94          92
           9
          30          34          32          34          37          37
           9
           3           7           5           6           9          10          14
           9
          31          35          37          35          36          39          45
           9
          59          63          65          66          67          67          68
           9
          13          17          18          21          21          18
           9
          72          76          78          79          82          82          82
           9
           4           8           9           9          10          13          14          18
           9
          42          46          49          49          52          57
           9
          17          21          24          28          29
           9
          64          68          69          73          75          78          77
           9
          57          61          63          67          67
           9
          11          15          19          22          26
           9
          78          82          83          87          94
           9
          34          38          45          47          48          49          52
           9
          44          48          55          56          55
           9
          45          49          52          57          59          60          63          63
           9
          48          52          55          62          66
           9
          14          18          20          27          34
           9
           9          15          18          20          23          25
          10
           4          10          11          12          14          17          18          16
          10
           4          10          12          13          15          17          17
          10
          18          23          24          25          27          31
          10
          27          33          35          37          40          42          47
          10
          16          22          24          21          22          25          27
          10
          42          49          52          49          47
          10
          39          44          45          43          44          46          49          49
          10
          29          36          39          42          45          46          43          47
          10
          37          42          43          42          45          48          53
          10
          54          60          63          63          65
          10
          66          71          73          76          76          79          77
          10
          56          62          62          64          66          66
          10
          69          76          79          82          83          83          87
          10
          77          84          84          87          93
          10
          76          81          85          87          89          91          94
          10
          70          77          81          82          85          87          89          87
          10
          14          20          22          26          28          28
          10
          56          61          65          68          72
          10
          78          85          86          90          95
          10
          22          29          30          36          39          40          42          44
          10
          18          25          27          28          35          38          39          38
          10
          15          21          24          25          27          34          34
          10
          21          26          27          33          36          40
          10
          42          48          49          51          52          57          64
          10
          97          96          94          91          88          89
          11
          74          71          68          67          66          66
          12
          67          64          61          58          57          53
          13
          63          61          60          57          54          52          51          44
          14
          41          40          37          35          34          35          33
          15
          53          50          52          51          52
          15
          31          28          25          24          23          20          22          22
          15
          25          24          27          25          24          21          18          14
          15
          82          80          78          81          78          76          70
          15
          36          33          32          31          31          30
          16
          66          65          65          64          63          61          59          61
          16
          82          79          79          76          75          72          72
          16
          94          92          90          90          87          85          81
          16
          22          19          19          18          13
          16
          39          38          35          34          31          29          25          24
          16
          72          70          67          63          62          59          58          59
          16
          28          26          23          19          19
          16
          24          22          20          16          13          10           9           5
          16
          63          62          58          57          52
          16
          27          25          23          21          16          14          13          11
          16
          76          74          72          65          64          65
          16
          25          23          17          14          14
          16
          78          77          76          69          68          67          64          60
          16
          78          76          70          68          66          65          63          58
          16
          63          66          64          63          62          61          60          57
          16
          61          63          60          57          54          53          56
          16
          90          92          89          88          85          83          82          82
          16
          41          42          39          38          36          35          33          29
          16
          15          17          15          12          11           9           3
          16
          77          79          78          77          80          79          76
          16
          43          46          44          45          44          41          42
          16
          27          30          33          32          32
          16
          18          19          16          13          16          12
          16
          16          17          14          12          10           8          11           6
          16
          77          80          80          78          75
          16
          31          34          34          32          34
          16
           3           6           5           5           2           2
          16
          76          78          75          72          69          69          65
          16
          43          45          43          43          41          35
          16
          36          39          38          35          33          29          28
          16
          81          84          81          77          75          78
          16
          40          42          38          36          33          32          29          29
          16
          29          31          29          28          25          24          20          16
          16
          80          82          79          76          75          71          69          63
          16
          49          52          50          47          46          41          39
          16
          78          79          78          77          72          69          66          67
          16
          12          13          11           5           5
          16
          12          15          14           9           8           7           6           2
          16
          44          46          45          43          38          36          30
          16
          61          61          58          56          53          52          50          47
          17
          35          35          32          31          28          30
          17
          46          46          44          42          42
          17
          80          80          77          76          72
          17
          63          63          60          59          56          55          49
          17
          77          77          80          78          75          73
          17
          52          52          51          52          53
          17
          12          12          11           9          10          10
          17
          60          60          63          61          58          54
          17
          67          67          69          67          62
          17
          95          95          93          93          92          91
          17
          53          53          52          52          51          48          51
          17
          67          67          67          66          63          63
          17
          11          11          10           7           7           3
          17
          26          26          23          21          20          20          13
          17
          80          80          78          74          73          72          70          67
          17
          54          54          53          49          52
          17
          63          63          62          59          55          53          53
          17
          61          61          57          55          51
          17
          69          69          68          66          62          55
          17
          85          85          82          75          74          73          72
          17
          47          47          42          40          39          37          34          36
          17
          60          60          59          58          55          52          47          47
          17
          77          77          75          69          68          64
          17
          53          53          52          45          44          43          36
          17
          43          39          36          33          30          29          26          23
          18
          65          61          60          57          54          56
          18
          55          51          48          47          45          42          42
          18
          52          48          47          45          43          41          37
          18
          29          25          24          23          22          17
          18
          38          34          37          35          32          29          28          26
          18
          24          20          19          17          15          14          17          20
          18
          33          29          28          25          26          26
          18
          38          34          35          32          31          27
          18
          33          29          27          24          23          24          23          17
          18
          36          32          32          31          29          26
          18
          13           9           8           5           3           1           1           4
          18
           6           2           1           1           1
          18
          78          74          73          72          72          70          69          65
          18
          44          40          40          37          30
          18
          41          37          33          30          28
          18
          88          84          83          79          78          75          73          74
          18
          12           8           4           2           1           1
          18
          65          61          57          54          50
          18
          85          81          77          74          68
          18
          76          72          66          64          62
          18
          97          93          90          87          81          84
          18
          64          60          53          51          48          48
          18
          56          52          50          45          43          39
          18
          56          52          49          43          40          39          36          30
          18
          60          53          51          50          48
          19
          36          31          29          26          25          24          26
          19
          55          50          48          47          44          42          41          41
          19
          90          85          83          81          77
          19
          89          82          80          77          70
          19
          56          49          52          49          47
          19
           9           3           5           3           6
          19
           9           4           5           4           4
          19
          18          12          14          12           8
          19
          66          59          58          56          53          54          49
          19
          97          90          88          87          84          82          82          80
          19
          60          55          53          52          52          54
          19
          12           5           5           4           4
          19
          26          19          19          16          15          11
          19
          68          62          60          57          56          56          54          47
          19
          59          52          48          46          45          42
          19
          21          16          12           9          12
          19
          99          92          91          88          84          81          81
          19
          58          52          49          45          43          42          38
          19
          48          41          38          36          35          34          30          23
          19
          31          26          24          18          15          13
          19
          18          13          11           6           8
          19
          99          93          88          85          84          84
          19
          85          78          75          73          68          64
          19
          86          81          75          72          66
          19
           5           9           7           9           6
          19
          22          26          29          32          29          31          34          34
          19
          22          29          30          32          34          39          45
          19
          52          45          43          41          40          37          32          34
          19
          30          32          34          39          43
          19
          11          16          18          22          22
          19
          68          72          75          76          79          82          86          85
          19
          69          74          76          80          84
          19
          65          65          63          61          57          55          53          48
          19
          26          25          20          17          15          12           9
          19
          27          29          28          23          21          16
          19
          49          53          54          57          59          62          66
          19
          72          72          73          80          82          85
          19
          44          47          49          50          54          55          57          57
          19
          20          19          17          19          21
          19
          18          18          22          24          26          29          31          32
          19
          48          52          54          54          56          56
          19
          72          76          79          78          84
          19
          64          60          57          53          48
          19
          48          44          42          40          37          33          32          35
          19
          52          52          48          45          44          41          38          40
          19
          70          76          78          80          80          87
          19
          55          54          52          48          44
          19
          39          38          32          31          30          28          22
          19
           8           8           5           1           1
          19
          43          48          50          53          57
          19
          29          32          29          27          28          26          27
          19
          44          49          51          53          60          61          65
          19
          16          17          10           8           8
          19
          36          31          28          25          22          20          20          17
          19
          61          54          51          44          42          39          35
          19
          96          90          88          84          83          80          79
          19
          55          58          57          53          50          50
          19
          41          46          48          50          48          54
          19
           7          11          12          14          14          17          23
          19
          79          82          81          77          74          77
          19
          34          28          24          21          22
          19
          77          81          84          86          87          90          94          94
          19
          67          74          77          79          80          83          87          90
          19
          94          90          89          84          80
          19
          65          64          63          60          60
          20
          40          44          47          48          52          53          55
          20
          35          35          34          33          32          29          27          29
          20
          75          82          85          88          90          89          88
          20
          92          88          88          87          86          83          80
          20
          99          92          91          86          84
          20
          11           9           6           2           5
          21
          57          57          50          48          44
          21
          21          18          19          23          28
          21
          30          33          31          31          30          27          23
          21
          22          22          22          19          14
          21
          61          57          54          54          52          45
          21
          81          81          84          82          80
          21
          93          93          90          88          91          90          87          83
          21
          29          36          40          41          47
          21
          84          83          84          86          86          88
          21
          33          37          38          45          52
          21
          56          60          64          65          66          67          71
          21
          98          98          97          96          96          94          94
          21
          96          89          86          84          77          74          68
          21
          51          45          44          43          36          36
          21
          66          63          70          73          79
          21
          84          79          76          74          71          71          70          70
          21
          27          23          22          19          14          13          10           5
          21
          91          84          83          82          80          76
          21
          13          14          17          20          21          26          26
          21
          96          97          96          93          89          88          86
          21
          39          45          46          43          44          45
          21
          87          80          76          75          72          72
          21
          86          88          89          90          92          93          92          91
          21
          45          45          48          50          57          54
          21
          65          63          65          67          70          67
          21
          38          34          32          32          30          27          25          21
          21
          17          21          23          20          22          23          26          28
          21
          65          66          71          74          75
          21
           6           6           9          12          15          18          22
          21
          76          78          76          78          80          81          88
          21
          32          25          24          22          21          21
          21
          49          50          52          54          54          56          59          59
          21
          16          13          16          19          20          27          29
          21
          71          71          73          71          70
          21
          75          69          66          66          65          58
          21
          58          55          57          60          61          64          66          73
          21
          52          53          53          51          48          47          44
          21
          28          21          19          17          15          11           7
          21
          57          60          61          64          61          63          65          69
          21
           8           5           8           9          10          14
          21
          65          58          56          56          53          51          54
          21
          68          67          69          76          80
          21
          21          21          21          18          17          14          12           8
          21
          67          66          68          66          63          60          54
          21
          26          27          25          20          19          17          14          16
          21
          31          30          33          34          34
          21
          53          55          59          62          60
          21
          96          92          95          93          90          89          83
          21
          13          18          20          23          26          25          29
          21
          36          36          36          35          36
          21
          61          61          58          56          52          49          46
          21
          38          35          38          41          38          40          39
          21
          11          14          13          10           8           2
          21
          11          14          15          21          18
          22
          50          53          53          51          48          47          47
          22
          27          25          23          25          23          26
          22
          48          48          45          44          45          42          45
          22
          66          62          61          59          54          51          53
          22
           6           6           8           5           7           8           9          14
          22
          67          67          65          68          69          72          72
          22
          66          64          65          66          73          70
          22
          94          92          94          95          97          99
          22
          90          89          86          85          84          82          82          78
          22
          77          77          81          84          87          87
          22
          31          36          38          36          39          41          42          42
          22
          73          69          68          67          68          66          66
          22
          14          12          11          10           7           4           6           6
          22
          29          25          23          22          19          17          16          10
          22
          80          81          80          78          79          79
          22
           9           7           7           9          10           7
          22
          88          84          81          79          79          79
          22
          27          28          29          32          33          35          38          42
          23
          13          11           8           8           6           5           8
          23
          30          37          44          47          48
          23
          53          54          61          62          65          68          74
          23
          54          54          51          44          41          38          35          35
          23
          38          38          35          30          28          25          28
          23
          83          90          93          96          94
          23
          70          74          75          77          80          81          82
          24
          71          74          71          70          68          67          68
          24
          35          35          33          36          39          41          45
          24
          32          29          27          23          23
          24
          45          49          51          53          56          61          61
          24
          20          20          18          19          13
          24
          64          60          58          55          52
          25
           2           2           2           5           6          10
          25
          68          69          67          65          63          63
          25
          67          71          74          76          79          79
          25
          42          37          34          32          31          29          28          26
          26
          24          28          31          35          37          40          42          49
          26
          79          77          80          80          80
          26
          58          51          50          50          47          46          42
          26
          23          28          35          37          40          43          43
          26
          26          30          31          33          32          35          39
          26
          53          55          58          58          62
          26
          88          82          80          78          75          77          75
          26
          70          68          69          70          70          72          79
          26
          27          29          31          31          34          36          38          39
          27
           3           4           5           6           7           9           9          15
          27
          46          45          41          38          37          31
          27
          51          52          52          55          56          59          56
          27
          69          68          69          73          73
          27
          78          84          86          86          88          89          93
          27
          14           7           9           8           6           3           6
          27
          28          26          24          22          19          16          15          11
          28
          86          86          81          78          75          74
          28
          50          43          39          37          35          30
          28
          54          60          64          65          66          63
          28
          54          54          51          48          45
          29
          74          74          74          77          80          81          82          81
          29
          21          21          18          14          11           9           5
          29
          49          54          55          57          57
          29
          79          78          77          75          74          71          70          64
          30
          15          15          18          20          22
          31
          98          91          90          89          87          86          89          83
          31
          95          91          90          86          83
          31
          69          67          71          73          76          80
          31
          57          57          55          52          52
          31
          74          74          75          78          82          79
          31
          47          43          45          43          41          40          38          39
          31
          70          74          76          78          79          79          83
          31
          88          88          90          93          94          93
          31
          83          83          85          86          86
          31
          55          56          57          58          62          64          67          68
          31
          86          86          91          94          94
          31
          75          76          77          74          77          80          83          86
          31
          51          58          58          61          64          67          68          68
          31
          67          63          62          61          59          56          54          50
          31
          97          91          89          88          87          86          79
          31
          54          47          45          48          47          44          42          38
          31
          22          19          22          19          20          22          26
          31
          29          26          24          23          20          13          11          11
          31
           3           3           4           6          10          16
          31
          52          56          57          62          66
          31
          94          96          96          93          88
          31
          70          70          70          73          76          79          79
          31
          36          35          38          37          36          33          31
          31
          31          31          32          35          36          41
          31
          17          14          12          11           8           6           9           5
          32
          96          92          91          84          81          81
          32
          76          72          68          66          65          65
          32
           1           4           6           7          11          12          16
          32
          57          52          51          50          52          51          51
          32
           1           5           6           7           9          12          15          14
          32
          66          66          69          68          70
          32
          47          43          42          35          33
          32
          59          57          59          64          65          67          67
          32
          19          19          19          21          24          26          28
          32
          51          51          49          47          40
          32
          52          50          47          47          47
          32
          92          89          89          86          81
          32
          34          30          33          32          29          25
          32
           6          10          13          14          15          20
          32
          51          47          46          44          40          37          36          32
          32
          62          58          58          56          53          50          52
          32
          26          26          24          23          20          19          15
          32
          36          34          33          32          25          24          23          26
          32
          53          54          55          56          56
          33
          29          29          30          27          25          25
          33
          70          75          77          79          85
          33
          18          18          16          16          13          10
          33
          80          85          87          90          91          94
          34
          56          59          56          56          54          52          55
          34
          22          18          20          18          17          16
          34
          12          10          11          14          18          20          21          22
          34
          94          96          93          86          85          83
          34
          54          56          54          52          51          53          51          49
          34
          72          75          71          69          66          64          58
          34
          41          45          46          47          54          56          59
          34
          71          71          75          77          81
          34
          14          17          16          13          15          11
          34
           4           4           9          10          12          16
          34
          71          72          73          76          79          76
          35
          67          69          66          67          65          58
          35
          32          34          31          30          29          28          25          23
          35
          38          35          35          33          30
          36
          48          49          52          55          58          59          62          67
          37
          45          51          52          52          54
          37
          28          34          36          38          38          36
          37
          12          15          11           9           5
          37
          36          33          36          37          41          43          46          43
          37
          91          90          86          83          80          77
          37
          48          55          61          63          64          66          65
          37
          55          55          56          56          62
          37
          64          64          59          58          57          56          50
          37
          16          13          11          10           7           5           8
          38
          26          26          31          32          34          41
          38
          58          57          50          48          46          42
          38
          23          19          18          16          17
          38
          15          18          21          24          27          29          32
          39
          63          60          57          55          54          52          51
          40
          84          82          80          77          76          75
          41
          40          42          44          46          48          51          53
          42
          91          89          86          84          81
          43
          37          40          41          42          45          46          49          52
          44
          90          87          85          84          83          81          78          76
          45
           9          10          11          13          14          16
          46
          35          34          31          28          26          24          22          21
          47
          96          95          93          90          87          86
          48
          45          46          49          52          53          55          57
          49
          54          56          58          61          62
          50
          44          47          48          50          53
          51
          79          81          82          83          86          87
          52
          15          17          18          19          22          25          26          27
          53
          26          29          30          33          35
          54
          90          89          87          86          85          83          80
          55
          79          80          82          83          84
          56
          42          45          47          49          50
          57
          89          88          87          86          83          82          80
          58
          22          23          24          26          28
          59
          51          48          46          43          40          37          36
          60
           1           3           5           7           8          10          12
          61
          87          84          83          81          80          78          77          76
          62
          76          74          71          69          66          63          61
          63
          20          21          23          26          29          31          33          34
          64
          48          47          45          42          41          40          39
          65
          56          53          52          51          48          45          42          39
          66
          31          32          34          36          39          41
          67
          40          37          35          33          30          27          25          22
          68
          76          74          73          70          68          66
          69
          67          64          62          60          59
          70
          35          34          31          28          25          22
          71
          93          91          90          88          85          83          81
          72
           7          10          11          14          16          17          20
          73
          37          35          34          31          28
          74
          58          59          60          63          64          66          68
          75
          13          12          11           9           7           5           4           1
          76
          80          77          74          73          71          68          65          63
          77
          93          91          89          88          87          84          81          79
          78
          87          84          81          78          77          75
          79
          70          72          75          78          80          82          83          86
          80
          69          67          65          63          60          59          56          53
          81
          23          20          17          16          15
          82
          64          65          68          70          71          72
          83
          79          80          81          84          86
          84
          15          18          21          23          25          27
          85
          39          36          35          33          30          27          24          22
          86
          54          53          51          50          47
          87
          68          67          65          63          61          59
          88
          99          97          95          93          92          91          88
          89
          71          68          65          63          61          59
          90
          66          64          63          60          58          57
          91
          51          53          56          58          61          63
          92
          84          87          89          91          92          95
          93
          30          31          34          37          38          39
          94
          57          58          59          61          63          66
          95
          62          64          65          68          70          71          72          73
          96
          23          21          20          17          15          14          12          11
          97
          53          56          58          60          62          63          64
          98
          76          74          72          70          68          66          64          61
          99
          88          85          84          83          80          78
         100
          41          38          37          34          33          31          29
         101
          33          35          37          39          42          45
         102
          34          32          29          26          24
         103
          95          93          90          87          84          82          79          78
         104
          21          24          25          28          31
         105
          83          86          88          91          94          96          98
         106
          83          81          79          78          77          74          71          69
         107
          84          83          80          79          76          75          74
         108
          35          32          31          28          26          23          22          20
         109
          48          46          44          41          38          37
         110
          89          91          93          94          97          99
         111
          14          16          17          18          20
         112
          23          22          19          16          13          10
         113
          78          80          81          82          84          85          88
         114
          25          23          22          21          20
         115
          33          32          29          28          26          24          21          19
         116
          80          78          76          73          72          69
         117
          82          81          79          78          76          73
         118
          54          51          48          45          44
         119
          34          32          29          27          24          21          19          16
         120
          70          69          66          63          61          58          55          52
         121
          29          26          24          21          18          15          13          12
         122
          81          84          86          87          88          91          93          94
         123
          85          82          79          76          73          70          68          67
         124
          82          81          80          77          76          75          72
         125
          42          39          38          36          35
         126
          71          74          77          80          81          83
         127
          32          35          36          37          40
         128
          59          57          54          53          52
         129
          36          33          31          30          27          25          23
         130
          89          86          83          81          79          76          74          73
         131
          76          77          80          83          86          88
         132
          72          70          69          66          65
         133
          27          25          24          21          19          16
         134
          57          60          63          66          69          70          73          75
         135
          34          35          36          38          40          43          46
         136
          26          28          29          32          35          37          38          41
         137
          14          12           9           7           5
         138
          11          14          17          18          21          24
         139
          47          45          42          39          36          33
         140
          52          55          58          59          60          63
         141
          83          81          80          78          76          74          71          70
         142
          10          11          13          15          16          17          20          22
         143
          67          66          63          61          58          55
         144
          83          86          89          91          93
         145
          78          81          84          87          89
         146
          51          49          46          45          42          40          38
         147
          69          66          63          62          61          60          58
         148
          69          70          72          75          78          80          83
         149
          26          29          30          33          34          35
         150
          48          45          43          41          38
         151
          76          73          70          69          67          66
         152
          67          70          73          76          78          81
         153
          48          46          43          41          38          36
         154
          77          75          73          70          69
         155
           4           6           9          10          12          14          17          20
         156
          21          23          24          27          29          30          31
         157
          77          75          74          73          70          69          66
         158
          18          17          16          14          12
         159
          46          44          41          39          38
         160
          29          26          25          24          21          19
         161
           5           7           9          10          11          12          14          15
         162
          67          64          63          60          57          55          54
         163
          26          29          30          31          33          36          38
         164
          27          29          30          32          35
         165
          27          25          23          22          20          19          16          14
         166
          51          53          55          58          59          60
         167
          22          19          17          16          15          12          11
         168
          29          26          23          22          19          16          14          12
         169
           5           7           9          10          13
         170
          51          52          55          56          57          58          59
         171
          46          49          50          53          54          57          58
         172
          48          47          46          45          43          42          40          37
         173
          57          59          61          63          66          69
         174
          60          58          55          53          51          48          47
         175
          89          88          86          85          82          80          79
         176
          47          45          42          41          38          36          34
         177
          93          92          89          86          85          83
         178
          46          49          52          54          55          57          58          60
         179
          47          49          51          54          57          58          61          62
         180
          35          38          41          42          45          48          49
         181
          45          47          49          52          55          58
         182
          60          57          55          52          51          49          47          44
         183
          62          61          58          56          55          53          50          47
         184
          49          47          44          43          40          39          38          37
         185
          56          53          50          49          48          46          44          41
         186
          42          41          39          37          34          33
         187
          57          55          52          50          47          45
         188
          86          83          81          78          75          73          70
         189
          13          12           9           8           7           4
         190
           4           5           6           8          11          13          16
         191
          25          23          22          19          17          16          14
         192
          85          88          89          90          91          92          93          96
         193
          89          88          85          84          81          79          78
         194
          37          39          42          43          46          49          50
         195
          78          76          73          71          68          67          66
         196
          44          45          48          49          51          54          57
         197
          61          60          58          56          55          54          52          50
         198
          13          16          19          20          23          24
         199
          50          47          44          43          41
         200
          21          23          24          27          28          31          34
         201
          22          25          28          31          32
         202
          25          26          29          31          33          35
         203
          87          89          91          93          95          98
         204
          16          17          20          21          23          24
         205
          71          72          75          78          80          81
         206
          79          82          84          85          88
         207
          69          66          63          60          59          57          54          53
         208
          42          40          39          37          34          33          30
         209
          62          64          67          68          70          71          74
         210
          22          24          27          30          33          34          35
         211
          13          11          10           8           7           5
         212
          98          97          94          92          91          90
         213
          24          27          30          32          34          36          38          40
         214
           7          10          11          12          14          15          18
         215
          75          76          79          80          83          86          89          90
         216
          17          14          12          11           8           7
         217
          60          61          62          64          65          66          68
         218
          67          68          71          72          74
         219
          50          53          54          55          56          58
         220
          68          65          64          61          60          58          55          54
         221
          85          84          83          82          79
         222
          54          57          58          60          61
         223
          70          71          74          76          78          81          84          86
         224
          28          27          26          23          22          21
         225
          88          90          91          93          96          99
         226
          39          38          37          36          33          31          30
         227
          41          43          44          46          47
         228
          70          68          65          63          60          59          58          55
         229
          61          60          59          57          55          53          52          49
         230
          54          52          51          50          47          45          44
         231
          11          14          15          18          19          20          21
         232
          76          73          70          68          65          64          61
         233
          45          46          49          52          53          54
         234
          51          50          47          44          41
         235
          27          29          30          33          36          38          39
         236
          27          25          22          21          20
         237
          56          57          58          60          63          65          66          67
         238
           8           6           5           3           1
         239
          51          49          46          45          42          39          38          36
         240
          75          73          71          68          65
         241
          77          78          81          82          83
         242
          74          72          69          68          65          63          61
         243
          19          21          24          25          27
         244
          24          26          28          29          32          33          36          39
         245
          57          56          55          52          49
         246
          63          62          59          57          56          53
         247
          44          47          49          51          53          54          55
         248
          26          25          22          19          16
         249
          78          76          73          71          68          66
         250
          74          72          69          68          66          63          60
         251
          32          33          35          36          37          39          40          41
         252
          24          26          28          29          32          35
         253
          65          63          62          61          60          59          56          54
         254
          53          50          48          47          46          43
         255
          61          58          56          55          53          52          51          49
         256
          48          46          45          43          40          38
         257
          15          12          11           8           6           5           4
         258
          31          28          26          23          22
         259
          54          55          56          58          60          62          63          66
         260
          65          67          69          72          74          76
         261
          46          49          52          54          56
         262
          35          34          32          29          26
         263
          12          11           9           6           4
         264
          19          18          16          13          10           9
         265
          35          32          31          30          29
         266
          51          53          55          56          58          60          62
         267
          23          20          19          16          14          11
         268
          14          17          18          19          21          23
         269
           3           4           7           9          10          13
         270
          37          35          32          31          28          26          24          22
         271
          17          20          21          23          24          27
         272
          37          40          42          44          47          48          51          52
         273
          77          76          73          71          70          69          66
         274
          91          90          88          87          86          85          82          80
         275
          71          68          65          62          59          58          57
         276
           6           8          10          11          13          16          17
         277
          28          29          31          34          37          39          41          44
         278
           2           5           8           9          10          13          15
         279
          67          65          63          62          59          56          53          51
         280
           5           6           9          10          13          16          19          21
         281
          84          86          87          90          91          93          95          97
         282
          46          47          49          52          54
         283
          74          72          71          70          69
         284
           8           9          11          14          17          19          20          23
         285
          28          25          22          19          18          16          15
         286
          29          30          32          33          34          36          37          40
         287
          73          74          75          77          79          82
         288
          37          36          35          34          32          30          27
         289
          15          16          17          18          20
         290
          71          70          69          66          65          63          61
         291
          26          24          21          18          15
         292
          66          69          72          75          78
         293
          94          91          90          89          87          86
         294
          46          48          49          51          52          55          58
         295
          27          24          22          19          17          16          13
         296
          65          66          68          71          73          76          79
         297
          59          58          56          54          53          51
         298
          35          36          39          40          41          43          45
         299
          22          25          27          29          31          34          36          39
         300
          33          35          36          37          38
         301
          88          87          86          84          81          79
         302
          43          40          38          35          32          30          27
         303
          34          36          39          40          43          45          47
         304
          27          26          24          23          21          18          15          14
         305
          56          55          54          52          49          48          45          43
         306
          26          27          30          33          36          39
         307
          87          90          92          93          94          97          98          99
         308
          67          66          63          62          60          58          55
         309
          86          84          81          80          77          75          73
         310
          64          61          58          57          55
         311
          64          65          67          70          72          73
         312
          86          89          92          94          96          99
         313
          50          47          46          44          42          39          37          36
         314
          77          80          82          85          87          89
         315
          69          66          65          63          60
         316
          33          36          37          39          41          43          45          46
         317
          73          74          75          78          81          82
         318
          52          49          48          45          42          41          38          35
         319
          23          20          19          18          17
         320
          34          36          37          38          41          44
         321
          52          54          56          57          60          62          64          67
         322
          15          18          19          20          23          25
         323
          13          12          11           8           6           3
         324
          15          16          18          21          24          26          27
         325
          64          66          69          72          73          76          79          80
         326
          40          41          43          45          46          48          50          52
         327
          24          26          29          31          33          34          36
         328
          52          50          48          46          44          41          40          37
         329
          24          21          18          15          12          11
         330
          77          80          81          82          84          85          87          88
         331
          59          56          55          54          53
         332
          51          50          47          45          42          40
         333
          66          69          70          73          75          77          79          80
         334
          43          46          49          50          51
         335
          62          64          67          69          71          73          75
         336
          66          68          71          74          76          78          79          80
         337
          14          12           9           7           4
         338
          26          29          31          33          36          39
         339
          70          71          74          76          77
         340
          82          83          86          89          91          93          95
         341
          55          52          51          49          48
         342
          18          17          16          13          11
         343
          26          28          29          32          35          36          39
         344
          34          37          38          41          43          44          47          48
         345
          61          64          65          68          69          71          73
         346
          84          86          88          90          93
         347
          52          55          56          59          61          64          65          68
         348
          16          18          21          23          26          28          30          32
         349
           9          12          13          16          18
         350
          20          21          23          26          28          29          30          33
         351
          89          88          85          84          83          80          78          76
         352
          71          70          67          65          62
         353
          36          34          32          29          27          25
         354
          86          84          82          81          78          77
         355
          36          39          40          43          45          47          48
         356
          80          77          76          73          72          71
         357
          24          21          20          19          17          14          12           9
         358
          39          37          35          34          33          30          27
         359
          44          47          50          51          53          56          58          61
         360
          66          64          62          59          58          56          53          50
         361
          62          60          58          56          55          52
         362
          67          69          72          75          77
         363
          62          64          66          67          68          69          70          73
         364
          41          43          45          48          51
         365
          40          42          43          45          47
         366
          33          35          37          38          40          41
         367
          17          18          20          23          24          25          28          30
         368
          16          17          19          21          23
         369
          57          59          61          64          66          68          69          72
         370
          99          96          94          93          90
         371
          76          77          80          81          82          83          85
         372
          21          19          17          15          12          11
         373
          65          68          71          73          76          79
         374
           7          10          11          14          17          20          21
         375
          80          79          76          73          70
         376
          76          79          81          83          84          87          89
         377
          82          81          79          76          75
         378
          50          47          45          44          43          42          40
         379
          97          95          93          91          89          86          83
         380
          88          89          91          93          95          96
         381
          13          11           9           7           6           3           2
         382
          74          76          79          82          85          87          90          93
         383
          93          90          88          87          85
         384
          51          49          46          44          43          40          39
         385
           6           7          10          13          16          17          20
         386
          77          75          73          70          69          66          64          63
         387
          30          33          34          35          38
         388
          49          51          52          54          56
         389
          22          24          25          28          30
         390
          18          19          22          24          27          30          33          35
         391
          83          84          87          89          92
         392
          32          35          36          37          40          43
         393
          18          17          16          14          13          10           9
         394
          53          51          49          46          45          42
         395
          64          65          68          70          72
         396
          72          69          68          65          64
         397
          55          53          50          49          46          43          42          39
         398
          53          52          50          48          45          42          39
         399
          71          73          75          78          81
         400
          83          85          86          89          91          94
         401
          84          85          87          89          92          93
         402
          27          24          23          22          19          18
         403
          19          22          24          26          27
         404
          58          57          56          55          52          49          47
         405
          80          79          76          75          74
         406
          89          86          83          80          77          74
         407
          18          20          21          22          25
         408
          30          29          27          26          24
         409
          79          80          81          82          83          86          88
         410
          83          81          78          77          76          73          71
         411
           7           8          11          13          16
         412
          28          27          26          25          22
         413
          27          30          31          32          34          37
         414
          87          86          83          81          80          79          78          75
         415
          19          21          23          26          27          30          32
         416
          38          40          43          45          48          51          52          55
         417
           1           2           3           5           6           8          10
         418
          24          21          19          16          14
         419
          61          59          56          54          52          51          49          48
         420
          39          37          34          32          30          27          24
         421
          41          43          44          45          47
         422
          86          85          84          81          80          79          76          74
         423
          38          41          44          45          46          49          51
         424
          50          53          54          57          58          59          62          65
         425
          88          89          90          91          94          95          98          99
         426
          73          76          78          81          83          85
         427
          34          35          36          39          41          42
         428
          26          29          30          33          34
         429
          49          46          44          41          40
         430
          66          69          70          73          75          76          77          78
         431
          31          34          37          38          39          41
         432
          58          60          63          65          66          68
         433
          75          73          72          71          70          69          66          63
         434
          68          71          73          76          79          81
         435
          50          52          55          56          57          58          61          64
         436
          98          95          94          93          90
         437
          40          37          34          32          30
         438
          73          76          77          80          81          84          85
         439
          65          64          63          61          59          58
         440
          52          53          55          57          58          60          61          63
         441
          66          69          72          73          74          77
         442
          77          76          73          71          68          67          66          63
         443
          20          17          15          14          12          10           8
         444
          69          67          65          63          62          61          59          56
         445
          89          86          84          82          80
         446
          46          47          48          51          53          54          56
         447
          72          69          68          65          64          61          59          56
         448
          33          35          37          40          43          46          48
         449
          62          60          58          56          55          54          53          50
         450
          99          97          96          93          92          90          88
         451
          39          42          45          47          48          51
         452
          74          75          76          79          81          82          83          86
         453
          64          66          67          69          72
         454
          38          35          34          33          30
         455
          19          16          14          11           9           7           6           5
         456
          66          65          62          60          57          55
         457
          34          32          31          30          27
         458
          76          75          74          73          71
         459
          29          30          33          34          36          38
         460
          33          36          39          41          44
         461
          25          26          28          29          31          33          36
         462
          13          11           8           7           6           4
         463
          94          92          89          86          84          82
         464
          54          51          50          49          46          44          43          41
         465
           2           3           5           8          11          12          15
         466
          30          31          34          36          38
         467
          20          23          26          29          30          32          35          36
         468
          61          64          65          68          71
         469
          51          54          57          60          63
         470
          21          22          23          26          27          30          33          35
         471
          17          20          22          25          28          29
         472
          44          42          39          36          34          31          30          29
         473
          27          24          21          20          19          17
         474
          32          30          29          28          26          24          21          19
         475
          44          45          48          50          53          54          56
         476
          89          86          83          81          80          78          75          72
         477
          70          67          64          63          62          60
         478
          52          53          54          57          59
         479
          27          29          32          33          36          39          40          42
         480
          32          34          35          36          39          42          45          48
         481
          61          64          66          68          71          72          74
         482
          33          30          28          27          24          23          20
         483
          31          29          27          24          21          19
         484
          21          20          19          17          15          12
         485
          42          44          47          50          53          55          56
         486
          77          79          80          83          86          87          88          91
         487
          37          36          33          31          30          28          27          24
         488
          13          16          19          22          25          26          29
         489
          35          34          33          32          29          27          25
         490
          50          52          53          56          57          59
         491
          77          74          72          70          69          68          65
         492
          88          91          92          93          96
         493
          76          78          81          82          83
         494
          64          66          68          69          70          73          74          75
         495
          68          67          66          65          62          60          58
         496
          57          56          55          52          50          48          46
         497
          61          59          58          56          53
         498
          15          12           9           6           5           3
         499
          70          68          66          64          61          60          57          54
         500
          75          78          81          83          84          85          87
         501
          24          26          27          29          30          31          34          36
         502
          53          56          59          60          63          66
         503
           1           3           5           7           8           9
         504
          89          87          84          82          79          78          76          75
         505
          30          27          25          22          21
         506
          37          36          34          31          30          29
         507
          19          18          15          12          11           8           7           6
         508
          60          58          55          54          52          50          48
         509
           7           8           9          12          15          17
         510
          89          90          93          94          96
         511
          27          24          23          22          21          19          17          16
         512
          22          20          19          18          15          14          12
         513
          85          86          88          90          92          95          96
         514
          38          39          40          42          45
         515
          24          25          28          31          33          34
         516
          70          69          68          67          65          63          62
         517
          15          13          12           9           7           4           2
         518
          49          48          45          42          41
         519
          57          60          62          63          66          68
         520
          31          34          37          38          40
         521
          27          28          29          30          33          36
         522
          36          34          31          30          29          28          27
         523
          53          51          49          46          43
         524
          95          92          90          88          85          83
         525
          74          73          72          70          67          64
         526
          23          20          17          16          14          13
         527
          95          92          89          87          85          82          81          79
         528
          36          35          34          32          31          30          29
         529
          50          52          54          57          60          63          64
         530
          58          61          62          63          64          65          68          70
         531
          39          40          42          43          45          48          51
         532
          85          84          81          79          77          74
         533
          45          46          47          49          52
         534
          15          16          17          20          21          22
         535
          86          83          80          78          76          73          70          68
         536
          51          54          57          59          62
         537
          71          73          76          77          79          80
         538
          68          69          72          74          77          78          79          81
         539
          13          11           8           6           5           3
         540
          50          52          53          56          57          59          60
         541
          60          62          64          66          69
         542
          80          83          84          86          88
         543
           8          10          11          14          16
         544
          43          46          47          50          53          56
         545
          55          54          51          50          48          45          43
         546
          66          68          71          74          75
         547
          84          86          87          88          90          93
         548
          38          37          36          33          30          27          26
         549
          29          31          34          37          39
         550
          12          10           9           6           4
         551
          72          69          67          65          63          62
         552
          23          25          26          29          30          32
         553
          70          71          74          77          80          81          84          87
         554
 number of safe code is:          516
 number of safe code with damp is         554
